201 -4.088064846705487
202 -4.467959462012271
203 -5.225708262497205
204 -4.099693930202386
205 -3.8713507151520963
206 -4.979688425571552
207 -4.221838112948921
208 -4.298041480566691
209 -5.44765457350507
210 -4.111511182253135
211 -4.35275588276209
212 -5.297512988942475
213 -4.787634265380049
214 -5.171171664704216
215 -4.681328121146891
216 -4.914186086827919
217 -4.85708167679652
218 -5.491624735112496
219 -3.9179248345643556
220 -5.069609580478353
221 -5.753238499333057
222 -5.664149143681431
223 -5.845644788832713
224 -4.792149404079576
225 -5.491236059816711
226 -5.113694995950678
227 -5.033220864904497
228 -6.261765940660631
229 -5.128172209791708
230 -5.580397799504591
231 -5.5511480794879695
232 -6.208897889767068
233 -5.584245512325965
234 -4.915728540457847
235 -4.995412144052699
236 -6.417081593713261
237 -5.551110519478761
238 -4.921266902629315
239 -5.878580297619388
240 -6.003671708812165
241 -5.577365726243956
242 -5.143741489009218
243 -6.378265951060796
244 -6.796555216603827
245 -5.628530510100001
246 -6.372966655634469
247 -5.6471128947562725
248 -5.9762652747024045
249 -6.418135290237272
250 -7.167179313073676
251 -5.061961059925495
252 -6.019382725639741
253 -6.137479644538486
254 -6.351052747138334
255 -6.9610701329626075
256 -6.792761755612855
257 -7.042543138661911
258 -6.543770808268064
259 -6.1567214632124925
260 -6.242478562619673
261 -6.468686076785869
262 -6.09695770468077
263 -6.352753564705652
264 -6.543678194550804
265 -7.769460292392274
266 -6.383014616728407
267 -6.531037665773749
268 -6.135794348747896
269 -6.68231425603419
270 -7.435444298510521
271 -6.064989875627542
272 -6.653366885410539
273 -5.8948259831874195
274 -6.821892203199695
275 -6.529763545948256
276 -7.213519446299005
277 -7.077039947950296
278 -7.386685966716105
279 -7.82051668388369
280 -6.813747438114613
281 -8.223307485631436
282 -6.432814136215997
283 -6.562710086943278
284 -6.477064694815957
285 -7.152273476447866
286 -6.356564024058973
287 -7.352362126703233
288 -6.416566964161479
289 -6.760877365928847
290 -6.699795153094925
291 -6.937329220381941
292 -6.2767511410377645
293 -6.769666025762695
294 -7.184722528905426
295 -6.316656525559102
296 -7.670166853297876
297 -7.3829000799162845
298 -8.350074300454654
299 -6.95994957729805
300 -6.861145931393227
