      201         0         0 
      202         0         0 
      203         0         0 
      204         0         0 
      205         0         0 
      206         0         0 
      207         0         0 
      208         0         0 
      209         0         0 
      210         0         0 
      211       210       204 
      212       209       201 
      213       206       202 
      214       206       201 
      215       209       201 
      216       206       203 
      217       209       204 
      218       206       202 
      219       210       202 
      220       210       203 
      221       218       214 
      222       220       215 
      223       220       211 
      224       217       215 
      225       218       211 
      226       218       212 
      227       217       211 
      228       220       213 
      229       220       215 
      230       220       212 
      231       227       225 
      232       229       223 
      233       229       223 
      234       227       224 
      235       230       222 
      236       229       221 
      237       226       224 
      238       228       224 
      239       226       223 
      240       230       224 
      241       240       231 
      242       238       231 
      243       236       231 
      244       236       233 
      245       237       235 
      246       239       235 
      247       238       231 
      248       236       234 
      249       236       235 
      250       236       233 
      251       249       242 
      252       250       245 
      253       249       245 
      254       250       241 
      255       249       244 
      256       250       245 
      257       250       244 
      258       249       241 
      259       247       244 
      260       247       244 
      261       260       254 
      262       259       254 
      263       260       251 
      264       260       254 
      265       257       253 
      266       256       251 
      267       257       253 
      268       256       253 
      269       260       255 
      270       260       255 
      271       269       263 
      272       268       264 
      273       267       261 
      274       270       263 
      275       268       263 
      276       270       262 
      277       266       265 
      278       270       263 
      279       269       263 
      280       270       261 
      281       276       272 
      282       278       271 
      283       278       273 
      284       278       271 
      285       276       273 
      286       276       275 
      287       277       274 
      288       276       273 
      289       276       275 
      290       280       273 
      291       286       282 
      292       287       282 
      293       286       284 
      294       287       285 
      295       286       283 
      296       286       281 
      297       286       285 
      298       288       281 
      299       287       284 
      300       287       283 
