201 -4.383281165196831
202 -6.221990219741078
203 -5.12014591060261
204 -3.2219065942471867
205 -2.3163061758695083
206 -5.289128219557971
207 -3.5857783800176004
208 -5.2461335365583315
209 -5.652050706004796
210 -4.6530379772256225
211 -5.235161730570055
212 -7.120672529536966
213 -5.199193582903378
214 -5.308138528725227
215 -5.476646234763932
216 -4.058973081152703
217 -4.611094203654197
218 -7.491477437987465
219 -4.278664409547477
220 -4.7389782254562185
221 -7.269077560555038
222 -5.905900213162941
223 -3.9571547035279053
224 -3.5688761445507673
225 -4.7245971297275196
226 -5.5023312411942715
227 -5.374066098235361
228 -6.930597974755644
229 -4.253693857268268
230 -7.808305827256374
231 -5.774799315810821
232 -8.254117045242364
233 -6.0388928036712155
234 -5.264291272083952
235 -6.159292200071489
236 -6.1763634495145565
237 -4.797479756620197
238 -4.484502002409203
239 -5.436392520608129
240 -5.428701789176326
241 -5.3722634746043605
242 -4.486653229341424
243 -8.50304975371047
244 -6.704991270674598
245 -5.295169407021922
246 -5.346334680059431
247 -5.620315828274314
248 -6.959460057602197
249 -7.103840545026126
250 -7.517844007527772
251 -5.666854300204349
252 -6.993964709111257
253 -3.5687831489836195
254 -5.368765269857838
255 -7.552582332262463
256 -8.057317312381954
257 -8.120210268693137
258 -6.7177955378775644
259 -7.832774032536685
260 -6.217615130025752
261 -3.9661343374805687
262 -6.179744818682075
263 -6.518715962328346
264 -5.283511072100346
265 -5.9416547518326235
266 -7.497490899856565
267 -9.175907689278095
268 -7.342168021654558
269 -6.1546824889138945
270 -9.840913674228288
271 -4.090550505327082
272 -6.5533006956857935
273 -5.002890781520371
274 -6.697640559865526
275 -7.371301366318897
276 -7.186668839377226
277 -7.751728684762925
278 -7.466708703081882
279 -6.618247314659451
280 -6.743684714587873
281 -7.621604648236454
282 -8.531988597700895
283 -8.110716566146554
284 -5.426023032984739
285 -7.262185972472131
286 -5.487434191594235
287 -8.735888967870629
288 -5.927600055348593
289 -6.69698821964211
290 -5.969788132744562
